纸质+电子；
长虚线为组间分割，短虚线为题间分割
-------------------------------------------------------------------------------------------------------------
第一题
[
[0,0,0,0,0],
[0,0,0,0,0],
[0,0,3,0,0],
[0,0,2,21,0],
[0,0,0,4,21]
]
+++++++++++
[
[0,0,0,0,0],
[0,1,0,1,0],
[0,0,4,2,0],
[0,0,2,9,1],
[0,0,1,0,3]
]
===========
[
[0,0,0,0,0],
[0,1,0,1,0],
[0,0,7,2,0],
[0,0,4,30,1],
[0,0,1,4,24]
]
---------------------------------------------------------------------------------
第二题
[
[0,0,0,0,0],
[0,1,0,0,0],
[0,0,6,3,0],
[0,0,4,26,0],
[0,0,0,2,12]
]
+++++++++++
[
[0,0,0,0,0],
[0,1,1,0,0],
[0,1,2,1,0],
[0,0,1,8,0],
[0,0,0,3,6]
]
===========
[
[0,0,0,0,0],
[0,2,1,0,0],
[0,1,8,4,0],
[0,0,5,34,0],
[0,0,0,5,18]
]
---------------------------------------------------------------------------------
-------------------------------------------------------------------------------------------------------------
第三题
[
[0,0,0,0,0],
[0,1,0,0,0],
[0,0,2,2,0],
[0,0,5,27,1],
[0,0,0,2,15]
]
+++++++++++
[
[0,0,0,0,0],
[0,1,0,1,0],
[0,2,2,0,0],
[0,0,4,11,1],
[0,0,0,1,3]
]
===========
[
[0,0,0,0,0],
[0,2,0,1,0],
[0,2,4,2,0],
[0,0,9,38,2],
[0,0,0,3,18]
]
---------------------------------------------------------------------------------
第四题
[
[0,0,0,0,0],
[0,1,0,0,0],
[0,0,7,2,0],
[0,1,2,21,0],
[0,1,0,8,16]
]
+++++++++++
[
[0,0,0,0,0],
[0,1,1,0,0],
[0,0,9,3,0],
[0,0,1,4,0],
[0,0,0,2,3]
]
===========
[
[0,0,0,0,0],
[0,2,1,0,0],
[0,0,16,5,0],
[0,1,3,25,0],
[0,1,0,10,19]
]
---------------------------------------------------------------------------------
-------------------------------------------------------------------------------------------------------------
第五题
[
[0,0,0,0,0],
[0,1,0,0,0],
[0,0,13,2,0],
[0,0,3,22,0],
[0,0,0,1,9]
]
+++++++++++
[
[2,1,1,0,0],
[0,0,0,0,0],
[0,0,7,2,0],
[0,0,0,6,1],
[0,0,0,0,2]
]
===========
[
[2,1,1,0,0],
[0,1,0,0,0],
[0,0,20,4,0],
[0,0,3,28,1],
[0,0,0,1,11]
]
---------------------------------------------------------------------------------
第六题
[
[1,0,0,0,0],
[1,3,0,0,0],
[0,1,14,2,0],
[0,0,2,20,1],
[0,0,0,0,7]
]
+++++++++++
[
[0,0,0,0,0],
[0,0,0,0,0],
[0,1,4,0,0],
[0,0,0,10,1],
[0,0,0,2,3]
]
===========
[
[1,0,0,0,0],
[1,3,0,0,0],
[0,2,18,2,0],
[0,0,2,30,2],
[0,0,0,2,10]
]
---------------------------------------------------------------------------------
-------------------------------------------------------------------------------------------------------------
第七题
[
[0,0,0,0,0],
[0,3,0,0,0],
[0,0,9,2,0],
[0,0,3,20,0],
[0,0,0,2,13]
]
+++++++++++
[
[0,0,0,0,0],
[0,0,0,0,0],
[0,1,2,1,0],
[0,0,2,9,0],
[0,0,0,5,6]
]
===========
[
[0,0,0,0,0],
[0,3,0,0,0],
[0,0,11,3,0],
[0,0,5,29,0],
[0,0,0,7,19]
]
---------------------------------------------------------------------------------
第八题
[
[0,0,0,0,0],
[0,0,0,0,0],
[0,1,9,0,0],
[0,1,3,22,1],
[0,0,0,2,14]
]
+++++++++++
[
[0,0,0,0,0],
[0,1,1,0,0],
[1,1,2,0,0],
[0,0,1,10,1],
[0,0,0,0,4]
]
===========
[
[0,0,0,0,0],
[0,1,1,0,0],
[1,2,11,0,0],
[0,1,4,32,2],
[0,0,0,2,18]
]
---------------------------------------------------------------------------------
第九题
[
[1,0,0,0,0],
[1,3,1,0,0],
[0,0,11,0,0],
[0,0,2,21,2],
[0,0,0,2,9]
]
+++++++++++
[
[0,0,0,0,0],
[0,0,0,0,0],
[0,1,7,1,0],
[0,0,3,9,0],
[0,0,0,1,1]
]
===========
[
[1,0,0,0,0],
[1,3,1,0,0],
[0,1,18,1,0],
[0,0,5,30,2],
[0,0,0,3,10]
]
---------------------------------------------------------------------------------
第十题
[
[1,0,0,0,0],
[0,2,0,0,0],
[0,0,15,2,0],
[0,0,2,16,1],
[0,0,0,1,11]
]
+++++++++++
[
[0,0,0,0,0],
[0,1,0,0,0],
[0,0,4,2,0],
[0,0,1,11,1],
[0,0,0,0,1]
]
===========
[
[1,0,0,0,0],
[0,3,0,0,0],
[0,0,19,4,0],
[0,0,3,27,2],
[0,0,0,1,12]
]
---------------------------------------------------------------------------------
-------------------------------------------------------------------------------------------------------------
第十一题
[
[1,0,0,0,0],
[0,3,1,0,0],
[0,2,17,1,0],
[0,0,1,16,0],
[0,0,0,3,8]
]
+++++++++++
[
[1,1,0,0,0],
[0,1,1,0,0],
[0,0,3,1,0],
[0,1,0,10,1],
[0,0,0,1,2]
]
===========
[
[2,1,0,0,0],
[0,4,2,0,0],
[0,2,20,2,0],
[0,1,1,26,1],
[0,0,0,4,10]
]
---------------------------------------------------------------------------------
-------------------------------------------------------------------------------------------------------------
